82
2.48
27.91
F
26
1.79
89.95
F
44
0.77
0.80
F
48
1.83
69.38
M
90
0.55
56.48
F
11
2.48
92.10
F
17
2.67
62.29
M
63
1.49
81.48
F
10
2.44
34.24
M
65
1.94
94.91
F
64
1.91
53.54
F
95
1.4
85.52
F
53
1.23
23.41
F
30
1.95
71.96
M
13
2.53
96.35
F
76
2.21
75.43
F
71
0.39
91.58
F
65
2.25
66.19
F
34
0.19
15.92
M
106
1.79
15.28
M
85
0.30
25.91
M
50
2.44
2.12
M
88
0.67
38.37
F
78
1.98
43.31
F
76
2.6
35.22
F
80
2.75
66.32
F
60
2.65
30.5
F
80
2.41
30.80
F
90
1.16
0.84
F
37
2.0
74.27
F
74
1.66
98.65
F
69
1.97
2.83
M
98
0.8
88.17
M
79
1.13
49.97
M
68
0.65
44.21
M
99
2.49
66.0
F
74
0.68
51.7
F
20
1.18
87.33
M
99
0.45
94.33
M
69
1.74
95.1
F
11
2.44
44.87
M
61
2.13
73.87
M
37
0.97
82.97
F
94
0.59
92.58
F
101
2.85
38.49
F
77
2.25
65.95
M
22
2.3
90.97
F
38
0.28
78.44
F
56
0.75
86.32
F
17
0.7
8.32
M
97
2.81
29.47
M
78
0.17
66.12
F
21
1.27
23.86
M
89
1.89
21.38
F
63
2.18
50.71
F
32
0.18
65.93
F
56
0.36
0.25
M
91
1.75
14.75
F
66
0.46
84.36
M
84
0.72
44.56
F
77
0.37
82.85
M
22
1.92
17.78
M
50
1.5
32.51
F
107
1.76
13.92
M
26
1.32
88.86
M
67
1.42
79.17
F
13
2.76
6.36
M
105
2.31
35.72
F
49
0.88
81.9
M
62
1.85
72.91
F
71
0.91
60.22
F
47
2.45
82.52
F
29
0.74
98.71
M
47
1.16
77.36
M
11
2.67
58.92
M
96
2.46
21.4
M
41
0.12
17.45
M
65
2.52
23.16
M
87
1.14
3.76
F
76
1.1
46.29
F
29
2.21
25.6
F
69
2.37
35.44
M
24
1.76
92.71
F
78
2.70
46.89
M
62
2.58
87.49
M
83
2.9
15.45
F
57
0.70
14.97
F
39
0.35
58.0
F
95
0.30
19.24
F
70
2.6
56.25
M
53
0.82
79.93
M
90
0.68
17.78
M
13
1.40
41.50
F
85
0.98
22.52
F
30
2.72
97.79
M
78
1.96
42.2
M
25
2.59
89.91
F
34
1.67
17.66
F
34
2.35
87.26
F
30
0.75
55.64
F