47
2.14
40.78
F
11
1.57
99.51
M
52
2.21
50.64
M
78
2.69
98.13
F
65
0.35
55.97
M
18
1.36
67.11
M
98
0.56
60.16
M
31
0.41
6.91
F
31
1.88
2.61
M
54
1.45
94.74
F
91
0.77
40.49
F
96
0.92
60.30
F
56
1.37
81.91
F
37
1.52
14.51
M
90
2.95
21.17
M
93
1.75
25.17
M
72
2.10
40.49
M
90
2.66
57.50
F
64
0.20
72.50
M
89
1.62
31.95
F
76
2.30
0.4
F
81
0.55
4.18
F
28
1.59
9.34
M
89
1.65
67.57
M
12
0.17
65.60
F
70
2.0
57.28
F
77
0.22
41.83
M
22
0.24
10.98
F
49
0.80
89.18
F
32
1.1
13.74
F
34
1.48
76.37
M
77
1.78
13.38
M
60
1.21
19.17
M
56
0.69
39.92
F
110
2.54
28.40
F
86
1.93
82.89
F
110
2.93
83.30
F
90
1.58
75.57
F
31
2.97
89.13
M
28
2.71
11.33
M
98
0.76
17.37
F
14
1.91
22.71
F
50
2.53
10.36
F
91
0.55
68.85
M
52
1.91
76.89
M
53
0.89
26.49
M
32
0.15
38.64
M
31
0.58
46.1
M
96
1.23
60.48
F
48
2.46
35.95
M
22
0.8
57.20
M
103
0.17
81.99
F
74
0.84
37.22
M
95
1.63
64.84
M
27
1.76
72.33
F
57
2.18
38.22
M
69
1.2
53.19
F
59
2.13
88.70
F
88
1.87
23.99
M
54
2.60
45.22
M
91
0.54
76.71
M
26
1.37
56.63
F
11
0.24
94.71
M
66
0.69
20.57
F
22
1.7
82.64
M
110
0.27
98.13
F
16
0.57
21.63
F
16
1.22
45.41
F
86
1.27
37.51
M
44
0.85
49.9
F
78
1.53
66.24
M
87
2.27
42.89
M
47
2.62
55.32
F
78
2.57
9.60
F
86
1.33
94.56
F
96
2.33
58.55
F
86
2.96
85.40
F
98
2.33
17.54
M
56
0.31
43.11
M
83
1.21
30.8
M
100
2.98
6.46
M
39
2.51
43.0
M
61
0.55
9.32
F
43
2.2
65.49
F
102
2.32
40.31
M
72
1.91
37.68
F
41
1.96
96.6
M
92
2.83
15.47
M
80
0.3
5.40
M
63
1.29
60.28
F
106
2.93
13.99
F
52
1.78
84.88
F
39
0.68
16.21
M
39
2.96
89.33
M
20
1.36
64.15
M
85
2.3
54.57
F
80
0.73
13.64
F
30
2.67
40.1
F
102
2.91
76.63
F
99
2.62
77.20
M