32
2.71
24.11
F
43
1.10
1.39
F
57
0.94
84.12
F
30
2.97
52.9
F
15
2.85
30.58
F
70
2.28
21.97
F
21
0.9
72.79
F
49
2.31
22.74
F
94
1.46
58.26
F
31
1.25
34.88
F
58
2.80
91.81
F
57
2.31
80.9
F
45
1.2
81.37
F
16
0.58
84.97
F
11
0.85
11.4
F
47
1.58
98.95
F
50
0.55
37.43
F
80
2.97
58.41
F
75
1.34
23.90
F
105
1.57
54.11
F
68
1.99
55.47
F
11
0.87
82.92
F
11
2.16
11.95
F
63
0.17
10.47
F
49
2.47
90.84
F
110
2.31
42.52
F
93
0.21
68.45
F
108
0.1
93.66
F
21
0.82
29.32
F
60
2.11
58.86
F
72
2.57
42.5
F
60
0.25
29.42
F
59
2.96
93.13
F
34
1.66
84.31
F
33
1.73
57.1
F
52
0.26
64.95
F
43
1.4
61.83
F
52
2.31
25.41
F
95
2.60
25.71
F
21
0.94
25.61
F
103
2.1
3.95
F
82
0.43
90.75
F
27
2.53
89.20
F
21
1.36
29.46
F
99
1.66
37.71
F
81
0.90
51.10
F
30
2.86
33.12
F
72
1.19
47.41
F
86
0.39
59.66
F
48
1.26
24.13
F
90
0.11
34.18
F
83
1.37
47.64
F
79
1.26
38.32
F
67
2.92
86.48
F
26
2.20
38.61
F
41
1.54
68.36
F
98
0.13
83.31
F
75
1.12
28.41
F
18
0.68
53.57
F
38
1.29
29.6
F
108
0.14
75.61
F
41
2.98
34.3
F
59
1.44
75.33
F
73
2.2
43.58
F
32
2.30
39.26
F
80
0.71
29.14
F
74
2.49
10.99
F
86
0.39
94.53
F
61
2.55
40.98
F
15
0.33
91.5
F
94
2.25
52.52
F
41
2.21
35.81
F
34
1.31
83.99
F
11
1.70
75.7
F
21
0.6
5.7
F
107
1.73
78.68
F
80
1.57
10.7
F
40
0.20
53.35
F
64
1.91
90.54
F
91
0.53
13.94
F
37
2.62
21.23
F
32
1.49
18.14
F
43
0.48
7.81
F
103
2.41
28.20
F
22
0.38
45.69
F
92
1.41
35.26
F
70
2.67
42.35
F
65
0.11
26.66
F
74
2.43
76.37
F
103
1.74
95.12
F
105
0.44
66.68
F
100
2.29
8.33
F
28
2.96
83.45
F
63
0.68
86.60
F
105
0.70
7.51
F
19
2.36
48.74
F
46
1.71
91.66
F
56
0.48
81.18
F
72
1.13
10.56
F
76
0.25
37.60
F