99
0.1
83.94
M
41
2.59
79.41
M
30
1.12
47.16
M
11
1.87
37.89
M
28
0.42
98.96
M
19
0.91
88.83
M
19
0.72
18.73
M
91
2.90
31.9
M
45
0.21
90.50
M
101
0.49
38.66
M
58
2.48
44.34
M
19
0.89
72.16
M
100
0.35
60.68
M
89
0.44
53.48
M
72
2.57
7.77
M
103
2.68
86.46
M
103
0.13
47.79
M
21
2.10
78.17
M
19
2.92
60.9
M
87
1.76
24.75
M
15
1.8
85.89
M
43
2.58
4.1
M
40
2.0
80.26
M
59
2.57
74.54
M
30
2.66
75.89
M
62
1.14
41.88
M
44
1.2
91.13
M
79
1.58
60.44
M
109
1.36
15.75
M
45
1.45
99.86
M
95
1.58
47.21
M
89
1.53
93.96
M
20
2.28
42.8
M
65
2.95
91.39
M
87
2.96
24.25
M
27
2.69
56.19
M
44
1.21
43.37
M
35
0.30
79.31
M
22
2.38
46.88
M
104
0.78
17.6
M
50
2.18
95.64
M
100
2.59
30.10
M
104
0.82
72.91
M
12
0.57
89.43
M
69
2.36
76.93
M
107
2.46
52.70
M
67
1.6
23.88
M
76
2.30
92.87
M
67
1.60
52.69
M
58
2.16
11.53
M
39
2.39
32.81
M
38
1.58
80.29
M
50
2.4
92.58
M
13
1.28
68.96
M
84
0.61
82.94
M
29
0.45
98.46
M
88
2.48
30.8
M
47
1.35
16.4
M
89
0.39
97.8
M
107
1.70
18.39
M
42
2.58
52.26
M
69
2.10
56.13
M
87
2.22
83.37
M
94
1.59
15.79
M
15
1.0
60.7
M
79
2.72
12.80
M
83
2.78
56.33
M
93
2.95
60.24
M
92
0.24
62.84
M
109
2.23
2.88
M
17
0.75
35.42
M
37
0.45
77.98
M
34
0.51
84.42
M
44
1.17
93.30
M
60
2.57
41.27
M
84
0.97
37.53
M
94
2.93
87.73
M
63
1.41
91.7
M
24
0.79
21.69
M
80
1.32
14.57
M
40
1.1
28.1
M
96
2.81
86.80
M
110
0.99
24.80
M
46
2.80
39.50
M
51
0.64
85.50
M
64
1.28
38.33
M
107
2.17
70.59
M
21
0.24
56.97
M
50
2.12
92.22
M
63
2.40
43.49
M
74
0.58
8.34
M
32
0.78
11.13
M
106
0.49
9.66
M
69
1.86
36.3
M
22
1.45
19.49
M
59
2.33
82.69
M
49
1.85
72.14
M
62
2.58
23.90
M
92
0.17
35.42
M
85
1.93
48.71
M