16
-1
18
-1
9
35
0
22
53
33
69
-1
-1
34
1
1
23
58
17
28
6
37
-1
36
-1
24
-1
18
-1
13
-1
-1
1
15
10
-1
-1
68
12
12
-1
3
11
-1
-1
-1
-1
6
20
48
25
6
6
2
14
35
3
2
-1
1
-1
14
-1
31
40
4
28
13
5
28
11
43
2
-1
-1
10
-1
17
-1
-1
-1
5
0
-1
5
20
-1
-1
26
-1
68
24
57
0
29
13
4
11
29
57
3
45
42
10
-1
11
-1
2
-1
3
30
39
22
1
-1
39
11
35
-1
3
3
-1
6
2
16
55
20
-1
-1
-1
13
30
-1
-1
18
41
12
33
-1
-1
0
1
8
9
0
21
34
26
15
24
18
-1
25
20
18
2
-1
-1
-1
10
29
30
27
-1
-1
9
21
14
-1
16
1
60
-1
34
44
19
3
-1
1
20
-1
-1
-1
2
31
-1
-1
-1
72
4
26
1
20
30
6
36
-1
3
11
28
42
40
6
-1
31
7
18
-1
7
12
9
9
-1
56
43
-1
73
4
27
-1
-1
20
3
15
13
-1
-1
24
3
7
2
-1
36
0
3
32
-1
-1
-1
-1
8
4
-1
13
17
35
-1
3
-1
-1
-1
82
43
-1
79
21
27
0
27
25
-1
2
1
5
4
-1
-1
31
-1
-1
14
22
25
9
27
8
14
20
6
7
-1
43
7
53
19
-1
57
-1
-1
0
42
9
17
65
60
2
21
9
8
-1
58
11
10
-1
6
15
0
-1
53
61
7
32
2
-1
-1
3
19
13
23
-1
20
3
21
17
7
30
-1
3
53
6
-1
11
2
68
40
4
-1
22
16
43
-1
-1
11
16
25
17
25
14
21
6
10
-1
0
37
-1
-1
0
21
52
-1
-1
-1
3
12
1
-1
59
9
-1
4
3
9
35
1
-1
-1
17
0
18
5
14
-1
2
-1
16
72
-1
9
63
5
-1
26
5
-1
27
7
20
-1
5
0
-1
15
-1
-1
9
30
-1
17
-1
-1
6
-1
6
24
17
-1
-1
-1
14
-1
-1
16
34
34
16
-1
-1
62
-1
7
26
-1
5
-1
-1
35
14
37
8
-1
1
1
7
-1
-1
18
-1
-1
-1
12
-1
-1
4
3
-1
-1
-1
16
40
10
20
-1
-1
22
12
-1
6
-1
12
11
-1
-1
-1
50
-1
-1
-1
28
4
6
-1
6
-1
24
-1
-1
-1
0
-1
-1
-1
16
65
18
-1
10
-1
70
18
16
-1
44
3
5
-1
4
48
2
-1
48
28
-1
26
8
17
23
22
-1
-1
20
8
-1
20
-1
30
0
9
56
-1
10
-1
-1
-1
-1
21
9
21
27
-1
8
11
1
-1
42
23
-1
9
8
8
-1
23
1
12
-1
-1
0
-1
42
-1
64
-1
2
53
-1
5
-1
2
43
-1
0
31
7
-1
-1
21
52
-1
36
3
20
0
-1
14
13
-1
49
-1
59
-1
59
-1
-1
-1
41
48
15
2
-1
44
20
-1
63
38
-1
5
4
-1
46
0
-1
-1
-1
-1
20
10
2
-1
55
-1
6
-1
85
-1
3
-1
6
3
-1
33
-1
-1
21
-1
44
-1
2
-1
29
18
8
46
42
0
0
59
-1
27
60
-1
11
1
14
1
-1
1
25
24
1
22
-1
21
9
-1
4
-1
22
9
53
14
-1
-1
19
35
-1
27
-1
-1
18
16
4
20
-1
-1
-1
-1
85
-1
-1
71
14
4
16
9
-1
14
-1
32
-1
9
-1
-1
5
28
14
2
-1
25
26
-1
-1
-1
21
2
87
0
-1
-1
50
-1
-1
-1
-1
-1
41
23
-1
-1
11
13
1
14
-1
-1
-1
5
53
6
1
22
64
40
-1
4
6
4
3
42
-1
-1
17
14
1
27
-1
16
3
15
35
-1
29
75
40
63
-1
3
-1
31
-1
-1
13
41
7
-1
0
17
-1
-1
-1
55
3
6
4
4
41
-1
24
36
1
9
8
38
1
25
12
-1
-1
-1
-1
-1
-1
6
-1
-1
14
-1
-1
54
5
17
-1
46
-1
-1
-1
43
-1
8
30
18
21
-1
-1
18
57
41
-1
17
-1
18
28
2
11
-1
21
-1
0
-1
-1
17
-1
-1
25
17
-1
11
-1
-1
34
23
13
14
-1
-1
5
2
15
9
1
7
13
2
36
28
76
-1
9
11
28
-1
51
29
37
33
44
15
7
9
-1
-1
-1
2
-1
-1
-1
6
30
2
2
6
1
4
-1
62
-1
32
10
51
-1
61
37
13
30
-1
15
-1
-1
5
17
23
-1
33
10
-1
78
-1
-1
5
3
-1
1
8
55
-1
-1
7
12
-1
83
-1
25
-1
-1
10
12
12
-1
20
4
15
31
10
-1
-1
44
-1
-1
9
13
-1
25
11
42
58
-1
36
-1
2
4
59
-1
7
33
3
-1
1
7
54
0
6
-1
8
-1
-1
-1
-1
-1
14
11
0
-1
21
24
-1
7
-1
-1
-1
25
0
38
8
56
7
3
11
3
-1
2
19
7
