37
2.56
87.27
F
93
1.45
78.31
F
11
0.81
22.64
F
56
2.33
72.81
F
61
2.10
30.68
F
72
2.35
94.60
F
59
0.89
16.24
F
13
2.45
28.42
F
99
1.45
10.50
F
51
1.10
43.69
F
78
2.16
36.27
F
98
2.17
29.15
F
50
2.8
84.72
F
32
0.15
57.53
F
80
2.49
99.72
F
52
1.57
26.8
F
41
1.76
55.58
F
56
2.42
58.5
F
94
0.27
99.24
F
66
2.64
69.37
F
40
2.99
72.79
F
34
1.44
4.30
F
27
2.34
45.2
F
36
1.84
42.59
F
34
0.65
89.68
F
65
0.23
12.87
F
85
2.11
90.44
F
73
0.13
95.64
F
100
1.72
26.71
F
58
2.58
70.66
F
50
1.16
84.25
F
22
1.98
85.82
F
86
1.8
53.34
F
58
1.70
86.24
F
71
2.14
37.48
F
13
0.27
93.99
F
99
1.55
33.53
F
41
1.29
63.4
F
22
0.27
62.16
F
42
2.6
30.95
F
49
0.13
61.81
F
86
1.17
68.30
F
72
0.48
53.95
F
17
0.41
97.44
F
84
2.12
80.70
F
94
1.47
94.23
F
46
0.93
74.16
F
51
1.50
32.62
F
62
2.96
91.88
F
59
0.1
45.20
F
63
0.18
88.7
F
39
2.98
21.27
F
84
0.47
64.93
F
24
2.67
29.33
F
94
0.97
86.31
F
40
0.17
37.5
F
47
2.39
98.94
F
39
2.36
15.34
F
41
1.19
65.31
F
95
1.72
57.97
F
81
1.48
80.90
F
10
2.10
67.32
F
81
2.17
64.45
F
25
2.92
78.52
F
40
1.69
53.34
F
56
1.65
63.46
F
49
2.59
49.42
F
61
1.87
19.92
F
100
0.82
27.38
F
61
0.94
47.57
F
64
0.76
11.99
F
22
0.13
60.51
F
74
1.38
32.55
F
74
1.50
95.85
F
76
2.64
54.31
F
30
2.36
45.76
F
82
0.26
25.16
F
79
1.90
41.13
F
84
0.5
12.74
F
25
1.95
32.34
F
85
1.76
8.39
F
31
1.96
24.52
F
19
2.52
68.68
F
94
2.53
66.70
F
63
0.72
46.34
F
93
1.97
83.2
F
29
2.63
2.74
F
30
0.77
81.68
F
88
2.62
82.29
F
50
1.9
31.64
F
30
0.67
2.77
F
21
0.65
19.95
F
60
2.73
47.47
F
37
2.19
87.39
F
91
1.66
96.42
F
50
0.47
11.72
F
37
1.74
3.91
F
31
2.93
41.36
F
33
2.23
22.22
F
41
2.11
50.89
F