98
2.77
26.10
M
64
0.39
69.20
M
27
2.39
64.2
M
59
1.15
55.65
M
13
2.50
40.86
M
46
1.71
41.79
M
46
2.7
17.75
M
38
1.59
79.27
M
60
0.23
25.10
M
81
2.78
43.48
M
81
2.77
15.19
M
25
2.54
33.37
M
85
2.43
70.47
M
45
2.92
71.17
M
10
2.47
57.31
M
21
1.18
18.12
M
80
2.60
79.77
M
62
2.63
52.49
M
84
0.77
76.11
M
67
0.20
38.98
M
34
0.10
41.87
M
68
1.58
70.82
M
97
1.14
91.77
M
88
2.40
90.98
M
83
1.69
80.57
M
97
0.26
76.17
M
97
2.9
48.27
M
46
2.74
56.43
M
68
0.25
3.12
M
89
2.25
24.23
M
90
1.33
42.5
M
63
2.1
18.77
M
25
1.20
99.83
M
99
2.63
6.35
M
94
0.64
76.56
M
75
0.22
45.82
M
89
1.68
73.23
M
70
2.0
29.42
M
48
1.38
21.23
M
20
1.51
86.78
M
86
1.12
69.27
M
34
1.14
96.33
M
84
0.63
38.19
M
49
1.45
87.63
M
70
1.7
83.21
M
98
2.26
5.35
M
76
2.30
9.76
M
61
1.7
93.29
M
50
0.70
41.40
M
62
0.30
45.37
M
25
0.57
31.3
M
24
2.54
41.22
M
86
1.95
23.32
M
53
1.70
52.9
M
97
0.33
73.32
M
92
1.31
69.54
M
100
2.79
34.6
M
50
0.94
16.67
M
23
1.81
13.6
M
29
1.39
48.70
M
73
2.46
79.62
M
29
1.77
83.62
M
63
2.63
69.10
M
83
1.19
86.90
M
55
0.24
30.96
M
55
1.35
6.21
M
47
2.9
71.3
M
97
2.10
25.46
M
58
2.77
39.99
M
64
1.1
43.25
M
11
1.57
5.17
M
35
2.3
24.70
M
61
1.40
96.55
M
62
2.39
37.62
M
78
0.47
98.24
M
95
1.34
11.17
M
100
0.14
84.13
M
90
1.62
33.71
M
88
0.22
78.1
M
83
1.11
73.32
M
67
1.67
91.24
M
77
1.82
99.74
M
70
2.69
82.58
M
81
2.36
8.89
M
95
0.4
58.59
M
83
1.33
17.29
M
13
1.87
64.19
M
19
2.94
68.53
M
12
2.42
52.16
M
83
0.18
7.21
M
47
2.3
14.31
M
71
0.44
73.42
M
55
1.89
60.1
M
96
1.77
82.27
M
19
1.77
93.64
M
24
2.88
9.70
M
31
1.71
55.86
M
44
1.59
54.78
M
41
0.94
95.37
M
35
1.66
46.61
M