41
2.45
28.38
F
38
0.61
23.10
M
55
0.80
4.70
F
14
2.69
99.61
F
74
1.76
93.73
F
26
1.68
6.52
M
20
1.62
25.76
M
100
0.18
40.72
F
40
0.97
58.43
M
13
2.41
15.93
F
25
2.99
51.51
F
71
0.8
84.24
M
77
2.23
47.36
M
39
2.69
13.9
F
59
1.37
83.26
F
77
1.58
9.78
F
79
1.68
92.78
F
96
1.8
44.12
M
54
2.8
17.46
M
59
1.23
49.41
F
76
2.94
72.62
M
91
0.95
73.49
M
23
0.83
47.39
M
94
0.2
48.16
F
49
2.97
38.79
M
46
0.42
56.7
F
31
1.32
33.34
M
30
1.39
78.74
F
64
2.97
14.77
M
14
1.93
72.2
F
43
2.86
93.47
M
65
2.56
90.82
M
52
0.92
18.48
M
11
1.66
95.98
M
90
1.23
25.0
F
61
2.2
49.72
F
65
2.42
25.35
F
58
0.22
22.39
M
98
2.20
70.90
M
88
0.21
73.11
M
10
2.62
86.59
M
99
1.50
37.40
M
32
1.80
20.5
M
73
1.86
28.65
M
51
2.8
19.8
F
75
1.37
96.30
F
34
0.93
85.49
M
65
0.62
19.38
F
70
0.71
88.20
M
18
2.13
73.40
M
98
0.41
71.94
F
36
0.66
15.90
F
91
1.47
86.95
M
55
2.5
25.58
M
34
0.20
60.23
F
88
0.22
69.27
F
59
1.38
29.57
F
48
0.33
28.14
M
75
1.86
44.98
M
52
1.30
5.94
F
79
2.88
15.46
M
38
2.34
44.48
F
40
1.73
39.98
M
48
0.62
61.76
M
76
0.75
21.37
F
63
0.21
68.67
F
18
0.32
81.51
F
56
0.80
78.70
M
36
0.13
41.65
F
45
1.39
77.20
M
52
2.18
37.57
M
81
2.3
6.3
F
36
0.24
94.96
M
98
0.45
62.59
M
49
2.89
10.82
M
19
2.81
90.49
M
58
1.53
8.61
F
25
1.95
91.5
M
67
1.88
47.55
M
79
2.31
65.95
F
70
0.20
21.51
M
50
1.36
98.58
F
35
2.43
48.58
F
30
0.47
54.72
F
57
0.62
9.96
F
59
1.74
77.67
M
54
0.57
15.62
M
17
1.11
21.74
F
67
1.88
12.57
F
65
1.3
52.58
F
51
1.19
87.98
M
60
1.1
63.89
F
24
2.33
60.8
F
28
0.82
39.70
M
28
0.32
42.6
M
89
1.36
86.53
F
37
0.62
51.42
F
20
1.5
65.34
M
58
0.81
3.73
M
90
1.86
44.84
F