21
1.2
32.98
F
55
2.45
25.51
M
26
2.31
86.75
F
75
0.80
92.20
F
65
1.51
39.16
F
94
0.42
40.25
M
33
2.8
11.59
M
43
1.74
49.93
M
33
2.85
6.84
M
56
2.37
5.89
M
98
2.72
97.93
M
37
2.3
63.61
F
45
2.93
39.60
M
50
2.96
80.47
F
81
1.77
66.53
F
13
1.82
75.32
M
87
1.29
91.50
F
60
0.36
49.73
F
42
2.62
9.62
F
58
2.34
87.89
F
86
2.9
94.37
F
54
2.81
32.59
M
80
2.9
34.7
F
73
1.9
23.75
F
99
0.78
68.32
F
65
1.97
35.84
F
62
1.33
44.2
F
66
2.31
90.75
M
90
0.10
37.46
M
30
1.53
37.88
F
52
1.5
41.56
M
57
1.70
24.60
F
86
1.94
22.22
M
82
0.51
97.27
F
88
1.73
13.20
M
55
1.5
13.32
M
73
2.29
89.98
M
91
0.77
51.73
F
87
0.97
25.70
F
42
1.9
81.61
M
61
2.9
41.85
M
52
0.66
16.75
F
46
1.36
9.81
F
85
2.25
47.82
M
57
1.12
73.58
F
40
1.68
5.92
F
91
2.26
1.43
M
19
0.6
87.83
F
98
0.19
1.52
M
11
2.35
93.83
M
74
0.42
35.99
F
47
0.40
84.29
M
24
0.58
41.93
M
32
2.36
89.92
F
13
2.76
11.77
F
21
2.71
22.41
M
42
1.53
82.17
M
80
2.25
70.79
F
36
1.26
19.97
F
19
2.47
24.77
F
41
2.75
68.78
M
54
1.60
77.35
M
34
2.72
3.60
F
59
2.6
55.66
F
16
0.49
79.15
M
72
1.37
15.90
F
95
2.4
39.86
M
80
2.58
18.31
F
99
1.13
79.24
F
24
1.58
26.34
M
60
0.93
83.19
M
54
1.70
57.34
F
76
2.77
60.92
F
98
1.24
1.40
F
75
2.56
90.59
M
100
0.31
51.26
F
80
0.73
59.22
F
44
2.86
31.11
F
71
1.44
85.63
F
100
1.60
19.50
M
82
1.93
71.96
F
64
0.70
92.71
F
26
1.82
46.12
M
98
1.1
16.27
M
66
1.68
70.76
M
72
0.96
92.51
F
88
1.93
16.88
F
72
2.20
32.9
M
88
1.66
93.74
F
23
0.66
43.70
M
49
1.17
20.9
F
29
2.3
91.58
M
26
2.97
6.49
M
64
0.1
28.67
M
40
2.70
93.39
M
38
0.10
72.23
M
42
1.97
55.38
M
45
2.92
41.3
F
30
1.48
15.23
F
49
2.10
1.66
F