58
2.56
51.54
F
30
2.41
6.84
F
43
2.99
98.66
M
99
2.28
42.39
M
84
2.74
82.40
M
37
2.51
6.15
M
97
0.44
29.41
F
89
1.73
40.41
M
45
0.1
40.84
F
31
0.14
54.6
F
49
0.25
40.90
M
49
0.31
72.78
F
98
2.8
2.24
M
71
0.14
50.45
M
47
1.18
24.62
M
62
1.20
62.22
M
42
2.50
80.41
F
74
0.56
80.89
M
43
0.2
48.99
M
20
1.67
81.7
M
53
1.74
48.15
F
100
0.57
51.14
F
84
0.53
94.1
M
46
2.14
13.72
M
12
0.85
92.28
M
69
0.41
56.77
F
80
2.31
45.77
M
14
0.75
76.96
M
96
2.4
76.89
M
33
1.43
23.52
F
16
1.42
19.71
F
60
2.73
50.70
M
48
1.82
78.33
F
78
0.70
59.9
F
76
0.47
51.16
F
19
0.50
74.34
F
15
1.66
36.45
M
82
0.87
72.6
M
15
1.39
48.3
F
68
2.70
86.55
M
71
0.93
79.43
F
92
0.53
98.36
M
35
0.13
71.37
M
99
0.98
54.3
F
16
0.62
69.9
F
11
0.48
43.71
M
70
0.23
11.2
M
100
2.59
48.10
M
52
2.57
60.93
M
27
1.68
77.87
F
88
0.42
66.25
F
85
2.70
72.67
M
83
2.61
24.76
F
14
0.32
26.91
F
68
0.57
96.79
F
76
0.81
6.72
F
86
2.2
69.75
F
23
1.58
34.87
F
77
1.68
60.63
M
61
2.14
46.41
F
13
2.72
96.40
M
67
0.59
86.88
M
52
0.38
78.17
F
42
2.49
64.91
F
49
0.32
25.63
M
30
1.69
9.22
M
95
2.65
53.33
F
92
2.99
68.42
M
25
0.32
76.53
M
86
1.25
40.24
F
73
1.18
92.77
F
86
2.69
2.58
F
12
2.60
54.61
F
89
2.70
23.12
F
12
0.31
55.78
F
58
1.45
22.52
M
97
1.86
44.87
M
64
1.87
48.93
F
88
2.63
75.25
F
85
0.54
84.18
M
94
1.39
43.91
M
83
1.6
93.41
M
22
1.57
3.33
M
67
2.46
71.68
F
61
0.6
76.7
M
93
2.21
65.84
M
15
2.99
40.95
F
47
2.47
32.72
F
74
2.98
66.0
F
81
0.12
71.48
F
66
2.94
30.63
F
70
0.3
98.65
F
18
0.64
36.73
M
32
1.14
66.42
F
47
1.63
12.13
M
31
2.0
16.15
M
95
0.53
19.24
F
19
0.9
82.17
M
65
0.93
87.72
F
73
0.87
0.73
F