22
1.74
32.87
F
51
1.43
18.27
F
100
1.35
36.70
F
91
0.44
75.36
F
78
1.23
69.32
F
69
1.97
56.56
F
52
2.72
11.21
F
92
2.33
60.36
F
33
2.66
89.93
F
11
2.10
98.63
F
35
1.90
75.5
F
49
2.9
66.46
F
54
1.46
19.62
F
53
2.29
17.56
F
41
0.80
73.64
F
49
0.0
64.62
F
61
0.22
27.60
F
56
0.2
49.54
F
17
1.86
49.45
F
54
2.98
6.70
F
67
1.87
4.35
F
52
0.60
74.0
F
40
0.87
47.75
F
65
0.56
62.65
F
34
0.72
17.49
F
49
1.67
38.32
F
53
1.31
67.61
F
59
2.25
26.86
F
93
1.6
81.50
F
17
1.78
95.65
F
66
2.16
17.1
F
11
1.51
35.4
F
14
1.78
91.52
F
70
0.86
24.13
F
62
0.67
70.11
F
24
2.75
41.2
F
88
2.54
56.63
F
23
1.0
56.11
F
15
2.38
91.62
F
95
1.96
9.97
F
16
2.44
55.35
F
81
0.99
1.47
F
68
2.43
7.85
F
80
1.63
27.23
F
47
0.18
80.53
F
38
0.82
31.37
F
97
2.42
78.15
F
21
2.14
61.18
F
88
0.94
79.39
F
10
0.55
78.75
F
89
0.42
95.35
F
28
1.43
33.6
F
42
2.44
11.88
F
13
2.23
41.35
F
51
2.18
9.43
F
79
1.59
34.8
F
81
0.78
65.91
F
23
0.21
79.52
F
62
2.13
1.69
F
52
1.26
61.63
F
80
0.1
45.52
F
51
2.18
78.8
F
59
0.3
94.67
F
21
1.91
43.86
F
12
1.79
0.21
F
28
0.7
22.85
F
39
1.54
58.72
F
70
0.64
73.25
F
23
0.68
36.63
F
26
1.89
75.90
F
63
1.88
10.31
F
90
0.92
30.34
F
44
0.74
46.16
F
32
2.37
14.71
F
23
1.26
42.16
F
40
2.90
80.50
F
69
2.24
55.64
F
20
2.71
5.52
F
24
0.96
12.14
F
57
1.9
81.93
F
66
1.81
49.51
F
19
1.74
24.36
F
55
1.94
59.93
F
58
0.76
29.56
F
98
1.38
4.68
F
58
2.98
92.43
F
85
1.11
14.58
F
68
0.12
48.67
F
80
2.91
37.13
F
96
1.21
29.36
F
37
1.24
44.72
F
56
0.62
57.89
F
30
0.88
47.64
F
94
1.91
10.72
F
32
1.36
1.6
F
92
0.60
97.4
F
65
2.99
23.74
F
56
0.98
39.61
F
34
1.0
64.63
F
63
0.99
23.38
F