24
1.36
27.41
M
52
2.23
43.21
M
53
0.49
60.32
F
89
2.14
65.92
M
41
2.32
58.13
F
77
0.46
39.33
F
95
0.94
68.17
F
73
2.43
27.9
M
59
0.6
50.27
M
61
0.31
45.1
F
11
0.14
99.73
F
68
0.42
59.11
M
67
2.31
41.12
M
96
2.82
61.97
M
30
0.71
25.63
M
42
0.18
92.28
F
28
1.72
35.64
M
68
2.72
85.29
F
89
0.85
82.2
M
37
1.47
62.17
F
10
0.87
16.76
M
37
1.91
7.94
M
28
0.32
61.8
M
20
2.73
27.22
M
81
0.21
91.68
M
22
0.81
57.57
F
22
0.71
65.30
M
79
0.3
11.70
F
11
1.36
10.94
M
76
0.96
64.67
F
79
0.43
53.4
F
10
1.36
66.7
F
61
0.82
5.51
M
93
0.71
65.78
M
84
2.23
90.60
M
37
0.82
38.78
F
19
0.74
81.67
F
20
1.70
21.18
M
51
1.51
30.83
M
94
1.88
48.53
F
66
1.1
31.99
F
55
2.92
11.30
F
15
0.3
21.70
M
20
0.78
14.25
F
44
0.34
40.57
M
15
0.94
93.79
M
89
0.90
72.40
M
57
0.7
29.64
M
59
1.91
16.6
F
82
2.22
79.51
F
89
2.30
9.87
M
63
1.8
0.82
F
83
2.67
31.95
F
11
2.67
25.89
F
86
1.83
87.75
F
73
2.80
67.27
F
91
0.80
63.54
F
65
0.26
74.31
M
18
1.79
68.23
F
40
0.59
86.13
M
76
2.90
69.65
M
18
0.65
19.30
M
27
2.60
91.26
M
83
1.99
22.75
M
56
0.29
94.28
M
23
1.92
9.71
M
10
1.2
84.14
M
45
2.55
33.45
M
82
1.50
77.86
F
56
2.39
19.5
M
52
0.5
77.51
M
52
0.5
71.43
F
44
2.38
35.54
M
51
2.38
24.59
M
24
2.67
72.88
M
10
1.79
30.82
F
66
0.95
90.92
F
33
0.34
88.37
M
24
1.95
54.5
M
29
0.39
79.72
F
31
1.68
50.75
M
76
2.34
79.46
F
61
1.16
6.60
M
73
1.76
34.73
M
11
0.55
28.44
M
84
0.75
2.7
M
41
1.34
32.9
F
48
0.17
77.24
F
48
1.1
75.51
M
33
2.78
23.25
F
53
0.85
44.19
F
32
0.30
91.68
F
20
0.17
93.35
M
48
0.9
60.58
M
30
1.5
82.86
F
81
0.72
43.56
F
29
0.94
14.43
F
91
2.84
71.50
F
31
1.29
40.34
F
37
2.36
74.53
F