56
2.42
62.94
M
23
2.30
79.76
M
70
2.83
64.74
M
87
2.49
1.43
M
42
0.65
8.26
M
99
1.93
73.54
M
27
2.80
74.8
M
36
2.76
5.45
M
13
2.52
78.18
M
92
2.18
61.59
M
30
0.35
61.87
M
74
1.15
22.79
M
71
2.88
96.48
M
62
0.79
24.37
M
15
2.24
94.74
M
21
1.31
43.86
M
83
2.20
59.5
M
53
2.44
24.50
M
75
2.31
31.2
M
43
1.83
20.37
M
33
2.19
46.66
M
21
2.73
11.4
M
26
1.30
88.50
M
89
2.94
96.69
M
15
2.69
72.72
M
70
2.85
22.21
M
26
2.60
26.71
M
74
2.10
66.69
M
39
2.90
92.98
M
22
2.41
62.69
M
58
0.30
54.14
M
79
1.25
99.10
M
62
1.37
9.60
M
23
1.52
21.41
M
87
0.56
54.87
M
56
1.76
97.46
M
89
1.81
48.41
M
98
1.96
59.73
M
19
0.87
99.35
M
96
2.73
66.29
M
46
0.19
58.88
M
13
0.44
43.24
M
19
0.85
78.11
M
45
0.45
18.98
M
97
1.22
58.30
M
10
1.40
21.61
M
78
0.34
74.23
M
38
0.99
75.36
M
40
0.67
30.38
M
26
0.63
61.66
M
81
1.52
83.4
M
12
1.13
74.28
M
29
1.29
52.88
M
38
1.90
26.6
M
62
1.20
10.44
M
54
0.36
2.51
M
95
0.97
53.74
M
30
1.19
0.65
M
14
0.13
1.6
M
19
0.41
99.38
M
92
1.69
14.14
M
59
2.90
94.55
M
32
0.93
67.11
M
22
0.1
18.68
M
55
1.61
67.68
M
82
0.2
92.75
M
99
0.44
59.30
M
58
0.12
67.82
M
49
2.86
50.43
M
33
0.92
60.19
M
44
1.6
74.5
M
20
2.90
17.53
M
84
0.13
43.87
M
58
2.19
1.26
M
90
2.74
69.87
M
66
2.19
38.93
M
40
0.67
73.46
M
57
0.39
93.51
M
77
1.77
16.46
M
72
1.19
98.9
M
83
2.35
74.29
M
54
2.71
17.6
M
60
1.79
25.79
M
20
2.2
5.24
M
60
0.57
3.20
M
12
2.73
82.87
M
56
2.76
58.49
M
72
0.42
48.90
M
39
2.73
5.83
M
100
2.44
69.73
M
96
1.35
55.99
M
53
0.98
37.60
M
69
0.85
34.85
M
38
0.30
72.53
M
40
2.51
86.7
M
93
2.64
89.61
M
52
0.26
25.78
M
64
2.63
24.61
M
89
2.77
62.77
M
64
0.1
54.76
M