84
85
15
22
29
23
83
93
15
29
93
8
39
26
100
97
76
89
52
40
76
32
100
66
47
74
99
89
50
69
33
18
51
55
79
91
32
52
49
47
70
59
95
54
9
4
27
45
49
61
78
38
80
45
69
18
9
7
73
43
39
82
95
55
78
48
96
3
94
71
4
73
80
20
60
32
88
58
95
6
59
83
50
29
41
87
45
42
90
77
60
92
58
78
74
44
81
1
89
72
36
33
24
76
4
78
24
67
99
53
52
33
34
89
67
98
62
79
24
67
58
37
16
11
35
67
36
59
54
8
29
71
74
51
74
4
69
85
92
42
82
45
90
74
21
53
18
8
15
12
50
67
10
18
36
32
16
43
70
99
32
96
62
5
28
36
66
34
36
68
6
37
73
87
25
39
18
63
62
51
1
45
19
19
56
1
14
17
65
72
93
64
68
100
26
94
69
64
73
72
28
43
28
57
3
53
40
28
79
15
91
29
74
92
28
100
98
86
45
55
6
84
76
37
84
7
35
43
54
54
5
96
57
14
68
36
60
99
49
85
52
76
82
35
57
56
28
77
16
59
96
57
12
33
12
2
57
42
6
78
30
36
61
96
41
8
73
47
2
92
78
99
13
29
69
75
24
23
40
18
71
8
38
96
55
5
38
41
75
98
15
9
46
10
79
76
15
35
92
31
77
98
79
53
55
10
79
52
40
5
64
42
55
99
50
42
99
42
56
78
50
73
12
89
45
36
48
63
26
65
75
77
76
93
9
55
27
9
14
69
72
37
29
49
69
33
84
63
86
100
82
89
51
56
49
74
75
4
7
95
79
85
51
5
57
90
43
49
2
36
42
28
27
11
60
57
75
6
15
23
68
51
49
97
81
24
66
97
3
8
52
75
62
84
99
32
6
4
87
78
62
67
78
4
22
10
56
67
58
29
15
53
5
17
30
86
51
36
51
95
97
49
68
63
48
63
89
69
40
84
86
1
51
69
55
25
84
32
58
34
85
84
56
8
66
71
38
3
53
97
15
71
28
38
24
54
93
41
16
1
46
78
17
93
34
39
86
44
4
8
42
60
6
56
16
35
55
17
41
97
81
29
73
71
7
78
6
26
68
60
58
1
99
11
14
94
84
31
90
25
62
88
100
35
64
55
73
76
69
55
68
91
53
93
39
40
20
35
27
70
62
41
77
2
56
34
57
1
80
43
100
43
91
3
69
91
74
100
68
48
21
36
41
36
21
99
59
98
15
60
33
71
27
41
84
23
68
9
73
24
90
15
57
100
20
5
62
7
24
44
28
7
32
71
50
29
17
41
92
14
23
6
82
2
15
18
6
88
46
100
36
49
94
4
34
94
83
11
23
36
60
40
45
1
34
91
58
80
52
30
98
71
50
50
13
62
56
57
22
23
84
1
40
24
62
37
91
18
8
14
32
40
80
90
57
93
7
87
2
87
7
86
7
16
90
65
15
77
84
6
95
33
22
26
65
99
27
61
56
50
28
86
17
75
51
83
20
71
83
53
16
44
68
94
56
15
72
88
68
61
2
37
99
24
51
7
40
65
5
7
82
45
32
20
44
67
14
2
25
91
48
30
40
17
47
30
60
57
61
83
49
7
92
60
21
19
71
53
24
58
8
45
56
30
85
62
76
22
66
64
17
88
50
73
83
16
54
98
58
82
54
55
49
68
14
100
58
30
15
75
40
30
59
74
2
89
20
1
33
41
57
92
49
54
42
25
16
17
8
73
79
32
64
10
1
77
77
22
60
49
1
7
53
45
24
62
76
2
81
21
54
12
48
82
45
47
42
60
31
10
72
21
3
34
22
88
65
96
5
78
96
62
69
67
7
22
44
41
65
46
18
50
4
44
25
62
1
50
11
93
76
66
5
31
60
85
36
32
79
30
16
62
61
27
48
79
1
11
90
90
35
2
39
39
17
5
58
77
24
1
10
100
11
53
82
5
92
44
47
56
93
95
41
89
94
54
26
75
96
9
96
18
70
94
71
68
5
31
38
60
99
6
91
94
29
17
9
19
100
17
16
56
16
92
36
3
93
92
92
41
83
12
10
26
79
56
83
76
73
4
55
77
45
67
64
92
32
65
37
15
6
33
38
65
7
76
17
100
12
92
57
9
64
73
28
26
22
63
80
38
26
84
6
48
26
8
80
26
69
89
64
66
85
43
35
83
6
41
88
48
77
38
15
54
79
48
91
61
38
78
99
50
53
75
95
10
95
89
60
79
21
41
96
62
94
96
92
71
68
67
