100
2.41 3.59 4.72
6.44 4.97 3.16
0.54 6.82 1.79
9.36 0.28 8.98
2.90 0.58 6.58
6.93 2.72 0.30
6.27 2.64 3.81
5.96 0.49 1.98
1.58 7.22 3.72
7.39 10.00 5.98
6.46 4.03 9.62
0.79 6.86 3.22
8.87 9.59 5.55
0.25 9.00 8.62
8.36 2.78 10.00
8.28 3.74 1.67
3.80 3.51 7.61
4.13 5.48 10.00
3.75 9.77 5.15
8.15 2.16 0.17
5.02 0.26 3.67
3.82 7.24 10.00
9.62 5.04 1.45
8.95 1.80 8.10
2.37 9.47 2.56
3.83 7.53 3.28
4.96 1.49 2.96
9.82 3.27 10.00
5.25 7.33 0.24
1.16 6.44 7.55
1.12 9.98 3.59
8.94 2.22 0.28
6.66 7.44 7.18
1.15 8.27 3.01
10.00 4.69 3.99
1.15 4.90 6.59
1.81 5.51 6.60
1.88 5.88 1.19
0.45 9.80 7.30
0.89 2.35 6.93
5.36 5.48 3.81
4.84 2.97 4.22
7.09 0.32 8.90
7.15 9.06 6.75
9.80 3.21 7.74
4.50 2.74 7.90
6.10 7.70 8.13
2.69 4.56 4.25
10.00 0.92 8.15
0.60 0.73 1.77
1.02 3.91 10.00
0.42 4.30 7.33
1.63 10.00 3.33
1.05 0.99 2.96
7.88 5.36 6.67
2.24 4.98 3.92
1.44 6.35 5.96
3.85 2.55 0.46
2.58 9.79 1.55
0.53 9.39 6.44
9.98 10.00 0.48
0.51 10.00 3.17
7.48 2.16 9.14
1.18 9.63 9.63
3.38 6.22 9.14
7.80 6.72 10.00
3.80 8.78 10.00
5.74 1.96 0.14
6.07 6.88 4.40
9.06 8.50 3.74
3.87 2.38 3.50
3.49 10.00 7.79
1.26 0.85 6.47
4.93 4.14 3.00
5.66 7.50 0.07
7.97 8.33 2.69
7.88 8.01 6.74
2.80 9.78 9.31
0.72 1.89 0.03
3.82 5.98 7.92
4.30 2.37 9.78
8.15 0.38 1.39
8.96 9.69 4.84
7.04 7.30 5.99
8.36 9.54 3.66
4.92 9.39 8.12
9.35 0.88 9.44
1.91 3.99 8.71
5.65 8.44 10.00
0.43 7.58 4.39
7.95 1.36 4.29
8.55 4.53 0.39
10.00 0.19 3.71
10.00 0.43 4.04
4.51 2.93 0.84
8.24 5.99 10.00
6.36 3.93 2.70
3.58 1.84 0.84
1.15 2.26 2.02
4.58 2.37 7.18