1000
6.25 2.34 9.76
0.96 5.85 0.65
4.27 1.91 9.70
2.18 7.70 10.00
5.36 8.71 3.03
10.00 10.00 4.64
10.00 5.51 10.00
3.47 4.99 9.09
4.78 4.36 7.58
6.62 3.70 10.00
6.59 7.24 8.53
10.00 5.77 5.67
2.82 2.02 5.01
5.81 0.99 1.46
0.03 0.87 8.28
1.95 5.20 2.58
10.00 7.73 5.77
7.25 6.38 8.19
8.34 3.52 3.76
1.95 8.19 4.02
1.32 1.84 9.84
8.24 5.30 3.99
9.05 3.76 2.09
2.66 5.73 10.00
6.01 9.88 1.58
4.71 2.73 1.80
4.72 6.15 8.92
6.12 7.21 8.27
5.97 1.34 0.00
10.00 6.53 8.75
7.03 9.94 10.00
4.81 8.83 1.93
9.66 0.14 1.89
3.18 4.55 5.95
9.13 10.00 8.00
8.44 4.23 1.46
10.00 0.39 7.32
9.56 7.25 3.14
8.05 0.79 1.24
5.96 8.24 7.67
10.00 4.20 1.88
5.71 9.65 9.26
10.00 5.00 5.33
5.99 5.17 0.03
0.85 6.82 3.47
7.90 10.00 4.04
0.55 10.00 5.26
6.50 1.57 7.55
5.95 4.35 6.88
7.03 0.52 5.71
9.21 6.94 6.36
7.16 3.32 5.60
0.92 6.08 4.81
6.59 1.04 3.22
5.03 1.36 3.18
8.43 0.78 2.52
7.66 1.93 4.32
6.60 3.68 3.26
1.84 0.77 6.84
5.32 1.29 4.96
0.29 1.40 0.28
2.78 8.64 5.96
5.29 1.25 9.28
0.98 1.40 6.04
4.79 6.65 5.10
5.60 7.00 1.50
5.44 0.26 4.53
10.00 10.00 1.82
4.32 0.89 4.27
4.10 7.06 1.24
9.01 8.32 8.25
7.14 8.64 0.57
1.19 9.64 1.92
7.18 6.09 7.59
8.89 0.23 5.10
3.19 3.34 3.25
10.00 0.40 5.04
4.97 10.00 6.07
8.55 6.10 9.28
9.33 2.59 3.56
6.69 1.82 8.29
6.92 10.00 5.32
3.21 7.50 10.00
6.24 6.99 6.28
5.05 3.80 7.95
7.12 5.25 3.69
10.00 10.00 5.81
0.58 8.98 5.35
4.11 2.74 10.00
8.73 4.62 5.72
9.14 3.66 2.22
7.82 1.39 1.77
1.23 9.52 10.00
6.61 4.80 7.29
7.60 1.27 9.26
10.00 5.97 5.61
6.80 6.33 9.38
8.57 6.67 0.11
2.70 9.81 2.37
5.24 1.66 6.70
8.13 5.44 7.58
6.26 4.40 1.52
6.84 7.98 6.94
4.24 8.67 5.10
5.63 4.47 7.74
10.00 2.87 2.70
6.10 6.28 1.67
6.52 10.00 3.14
9.28 2.58 4.76
0.61 5.29 7.73
7.58 6.97 4.86
4.07 8.59 2.16
0.02 9.12 6.80
5.49 6.38 3.16
2.33 4.52 7.06
2.43 2.76 6.54
0.42 10.00 8.01
1.68 2.03 7.25
0.56 5.56 8.93
5.84 1.49 9.63
3.72 7.58 10.00
2.51 5.32 1.08
9.94 2.56 2.12
1.32 7.88 7.76
0.80 1.92 3.41
1.55 0.29 6.15
6.69 5.65 9.11
1.90 6.83 1.13
10.00 0.97 4.18
6.46 3.65 1.22
1.31 7.64 6.61
2.03 8.33 4.49
4.80 6.77 1.10
8.02 6.05 7.27
0.85 9.53 8.64
9.59 3.07 5.36
6.87 8.03 5.60
10.00 9.92 3.38
6.89 3.84 3.71
7.26 10.00 7.52
1.23 3.27 10.00
6.34 4.52 7.46
1.10 4.51 8.27
5.94 6.25 0.31
10.00 4.02 6.60
4.70 0.52 0.32
3.28 8.18 2.01
1.85 1.35 3.48
9.31 3.95 6.69
7.80 10.00 0.34
5.25 10.00 3.89
3.46 0.23 1.70
10.00 3.72 0.99
9.53 3.17 7.86
0.50 8.82 0.67
10.00 9.53 2.71
4.48 7.31 7.34
0.22 5.47 9.28
9.39 0.71 10.00
7.26 1.28 5.68
6.10 6.79 2.41
6.32 2.23 7.64
3.79 7.92 7.69
7.64 2.71 8.59
4.80 9.98 10.00
3.66 3.77 5.55
7.94 1.22 3.06
0.91 10.00 2.13
0.34 9.05 7.70
9.63 5.46 7.67
4.09 3.62 7.62
9.40 4.10 2.75
3.81 7.33 8.93
5.82 7.82 1.29
8.17 3.34 10.00
10.00 3.60 1.86
5.86 2.90 9.53
1.02 0.43 7.23
4.44 3.75 9.95
8.67 9.62 7.20
7.51 10.00 10.00
6.14 3.86 7.40
0.32 8.29 1.74
5.21 3.01 1.65
4.96 1.34 7.36
8.51 8.96 6.70
1.66 3.88 9.37
6.29 0.27 9.55
0.83 7.51 1.46
4.60 4.29 5.06
1.94 0.74 2.12
1.39 4.81 4.83
0.61 10.00 10.00
0.75 0.41 0.28
9.94 2.13 4.16
7.05 5.11 8.84
5.42 1.34 10.00
3.67 1.63 10.00
9.79 7.10 1.29
6.16 2.48 0.83
7.69 9.55 0.74
10.00 6.58 4.67
9.91 4.86 7.62
5.01 2.81 0.47
8.64 4.04 6.52
6.57 1.87 6.21
5.32 2.39 6.49
5.49 3.07 4.03
0.89 3.07 5.87
9.10 9.58 9.26
8.32 1.27 10.00
6.48 4.25 1.24
9.41 9.69 0.42
5.89 1.98 1.71
7.33 9.83 9.88
6.15 3.85 2.77
7.44 10.00 1.21
0.19 7.12 0.61
6.49 2.87 3.21
2.37 0.19 1.77
1.55 3.72 10.00
0.23 9.73 8.12
7.88 7.39 0.47
8.42 6.95 0.36
0.33 8.97 4.41
2.56 10.00 9.86
1.76 3.96 5.27
7.23 5.55 5.38
1.05 9.30 0.31
8.39 7.28 5.89
2.54 0.16 2.77
4.77 3.08 1.65
5.41 4.86 7.47
10.00 6.52 6.66
1.93 10.00 9.85
8.59 6.48 4.84
10.00 4.62 4.45
4.31 8.81 4.64
3.05 0.68 9.49
1.44 8.28 7.28
9.74 4.85 7.70
1.37 1.70 0.09
10.00 4.41 5.00
4.55 2.17 7.90
2.68 2.96 10.00
2.85 4.17 4.86
8.63 9.56 8.94
10.00 8.56 9.70
3.33 2.09 8.92
10.00 3.34 1.28
6.26 10.00 8.11
4.05 0.71 3.86
9.15 7.25 9.94
5.36 4.30 5.87
2.62 8.70 4.65
3.50 5.79 4.50
6.52 4.17 6.66
4.54 4.93 6.26
10.00 1.14 4.47
8.43 10.00 9.26
1.72 1.61 4.05
10.00 6.07 6.93
8.52 5.32 2.22
6.52 1.43 9.71
7.48 9.98 5.09
2.69 7.20 8.32
4.69 7.36 3.11
1.42 0.98 2.22
1.91 8.78 8.19
2.96 6.72 8.62
5.42 5.52 10.00
0.84 4.64 2.97
4.72 3.86 1.76
2.10 8.55 8.31
3.08 0.90 7.57
3.89 2.79 8.42
9.67 8.54 7.87
2.27 1.82 0.98
1.77 2.11 6.49
5.25 0.28 2.36
0.00 10.00 0.31
7.70 3.68 7.83
9.35 6.78 4.68
5.97 1.20 7.90
9.11 0.30 5.13
8.09 10.00 3.38
9.76 3.48 1.08
2.36 2.84 9.90
10.00 9.86 4.22
5.41 3.63 4.98
10.00 7.11 7.37
3.36 1.40 6.68
7.17 7.36 8.40
4.80 6.03 3.69
8.97 2.27 3.90
9.07 3.60 9.74
9.33 9.77 9.74
3.65 6.74 1.01
7.74 6.49 8.08
10.00 3.05 0.95
0.40 7.74 8.90
1.02 10.00 9.64
9.55 4.15 10.00
8.41 1.36 5.00
5.57 2.78 5.96
0.77 3.02 8.70
6.46 9.74 7.52
4.64 5.12 2.37
9.89 1.11 8.37
4.94 1.44 4.74
9.60 10.00 2.62
5.06 0.19 9.66
2.23 8.83 10.00
4.38 2.20 10.00
3.83 7.53 1.98
9.94 1.26 4.35
0.23 9.51 2.89
10.00 9.55 2.74
7.77 0.13 1.57
3.94 1.69 3.27
2.49 5.62 8.05
0.59 6.24 10.00
1.05 7.60 3.52
1.83 2.31 5.96
1.12 2.45 5.51
1.65 4.93 6.34
7.53 8.28 7.60
5.77 4.82 8.74
6.95 10.00 7.26
2.13 7.29 10.00
5.67 1.19 0.18
1.80 3.33 5.87
1.25 9.45 9.17
6.43 6.14 0.01
7.16 3.96 3.00
1.69 4.89 1.04
4.52 9.11 6.22
4.98 4.50 2.53
3.23 6.11 5.38
0.20 1.83 3.52
9.59 10.00 2.48
9.58 5.17 2.71
4.21 1.52 8.73
1.73 5.71 3.03
2.11 1.32 10.00
1.00 4.86 4.43
10.00 4.57 3.19
0.50 5.81 7.65
3.43 8.81 10.00
1.04 2.86 10.00
0.06 0.69 3.00
1.47 4.87 0.71
3.91 3.22 4.33
4.12 0.37 0.89
10.00 10.00 7.75
1.11 9.68 0.92
9.79 8.33 2.04
1.66 7.68 1.17
3.50 4.94 1.50
3.21 10.00 2.96
5.28 1.75 9.32
1.64 8.23 3.07
4.60 5.68 8.47
4.57 10.00 7.08
5.43 10.00 8.64
7.72 9.65 10.00
8.92 8.62 4.36
4.12 5.95 9.57
2.35 2.21 5.54
6.93 3.94 8.24
7.53 7.84 4.43
5.95 9.09 6.24
2.93 4.95 7.55
0.14 1.49 5.55
8.46 4.17 0.37
9.04 5.19 2.08
0.26 7.49 3.61
6.85 0.67 10.00
5.22 9.62 8.86
7.72 7.95 3.59
6.11 2.92 6.72
5.62 2.59 6.35
0.79 2.32 6.80
3.86 6.01 1.72
9.97 0.30 2.18
6.32 3.42 9.82
10.00 1.44 1.68
3.88 10.00 10.00
9.99 3.86 4.70
2.69 3.65 0.72
1.87 1.27 9.01
4.19 6.91 4.39
9.86 4.50 2.75
8.79 2.80 5.93
3.58 6.25 6.19
5.33 9.66 9.35
1.21 9.98 4.39
10.00 0.77 1.01
4.24 6.83 2.30
8.44 8.07 2.10
7.78 7.67 5.26
1.71 10.00 2.77
2.17 8.34 4.46
1.70 4.56 7.85
2.97 2.02 7.44
10.00 9.27 6.53
2.75 1.26 8.26
1.76 1.48 10.00
1.17 10.00 1.87
3.96 3.83 3.56
10.00 0.90 3.22
6.92 3.88 1.88
9.17 5.46 2.64
7.97 7.73 3.05
6.05 7.09 2.34
8.19 2.24 1.68
5.45 4.59 2.50
6.54 6.87 4.16
6.68 4.13 5.83
5.54 4.22 5.51
4.31 8.63 0.33
9.54 1.95 10.00
1.46 3.18 10.00
2.18 6.04 0.50
7.80 2.88 4.21
0.02 0.18 1.96
7.41 2.65 4.59
4.60 3.59 3.94
7.79 2.10 9.04
9.01 5.46 4.23
5.51 8.92 6.11
7.51 7.21 4.47
9.30 0.57 5.86
8.65 6.68 0.00
10.00 8.53 5.34
10.00 1.53 3.14
1.67 4.38 8.78
3.39 10.00 1.69
8.02 1.76 6.28
4.26 8.93 3.43
2.63 10.00 1.00
8.39 4.33 0.92
4.76 5.35 10.00
2.80 6.43 2.00
8.40 5.64 0.83
5.20 6.08 8.60
7.36 0.41 7.80
8.95 1.75 6.91
2.71 0.81 7.58
2.85 9.61 3.68
5.10 0.75 3.25
4.21 9.83 5.63
10.00 0.58 0.36
10.00 4.80 5.35
0.65 7.94 3.44
5.03 2.03 0.06
9.37 6.67 7.44
2.24 5.14 10.00
8.34 0.46 2.53
0.33 2.11 0.60
1.76 5.69 6.71
3.47 10.00 4.30
10.00 9.74 10.00
8.33 10.00 5.03
7.69 5.22 10.00
3.56 2.11 3.01
1.63 6.47 2.92
6.03 6.07 3.67
7.11 2.52 5.28
8.00 7.16 9.75
1.98 8.80 2.71
3.87 6.54 2.43
5.69 2.44 5.84
3.21 6.02 2.44
3.73 3.83 1.47
3.80 1.46 3.08
8.46 0.56 3.34
0.51 10.00 0.47
2.81 0.56 9.13
2.73 5.55 8.79
10.00 8.42 2.64
2.41 8.10 8.23
2.92 9.17 10.00
6.14 6.99 3.01
8.29 6.90 4.10
8.25 0.93 10.00
4.22 6.23 0.83
2.03 7.51 9.68
2.90 10.00 1.33
6.83 4.92 1.01
2.18 8.79 7.04
4.86 8.47 1.62
1.80 2.66 10.00
4.62 1.20 10.00
0.55 10.00 6.90
2.19 7.25 9.24
6.32 7.92 0.06
9.56 2.45 0.36
10.00 5.27 2.99
0.17 9.30 9.41
3.66 8.77 0.42
7.96 3.63 8.74
1.75 9.28 9.03
9.67 4.84 9.93
0.33 9.88 8.86
4.73 0.99 10.00
0.93 6.73 10.00
7.41 1.67 2.08
6.99 5.46 10.00
9.31 8.57 2.51
1.55 2.06 2.88
7.87 9.35 0.70
6.09 10.00 1.59
5.22 9.85 2.82
1.92 2.66 7.51
5.10 6.40 1.28
6.17 10.00 8.07
5.01 0.86 5.47
10.00 6.85 1.41
4.35 6.57 1.70
5.86 0.09 8.95
1.25 7.83 7.63
0.53 0.57 3.27
1.82 8.93 4.28
8.41 1.63 9.90
0.26 9.58 1.76
2.90 2.77 5.99
2.28 10.00 2.85
1.08 1.69 7.50
6.55 3.81 5.00
10.00 5.85 1.41
2.98 8.49 2.75
1.65 5.19 10.00
5.52 10.00 6.13
0.35 10.00 6.75
3.80 0.69 1.39
0.18 7.74 6.99
9.62 0.71 9.56
10.00 0.02 2.16
4.42 5.77 1.21
8.52 3.99 9.89
5.52 8.50 1.97
4.53 6.30 9.68
10.00 4.66 8.55
0.51 0.37 3.17
8.06 8.19 7.36
5.68 6.31 0.70
10.00 9.37 10.00
4.67 6.07 4.87
3.25 6.19 1.34
8.10 4.23 7.40
0.95 1.73 5.48
1.07 7.94 1.07
8.87 10.00 3.94
3.62 8.43 5.38
4.91 7.82 3.18
2.86 9.94 4.37
7.62 0.17 5.40
10.00 6.76 3.67
8.99 6.13 5.79
1.08 0.12 8.81
2.25 7.97 4.26
8.75 7.26 2.05
8.62 3.03 7.28
6.41 3.58 0.01
7.76 10.00 7.40
5.71 0.43 8.49
5.81 10.00 7.69
3.29 4.50 9.50
3.33 1.75 6.10
9.81 9.24 4.73
10.00 3.91 9.53
2.87 5.66 10.00
4.26 10.00 6.07
2.09 6.66 8.83
7.90 2.06 2.92
7.00 9.95 3.55
1.98 3.72 6.15
5.58 0.17 3.94
0.16 1.26 2.18
2.78 3.24 7.89
10.00 3.42 8.02
10.00 8.41 9.38
2.44 8.56 8.88
10.00 0.82 10.00
3.38 5.05 10.00
6.35 0.65 6.11
6.83 9.54 9.61
9.79 4.69 3.16
7.53 4.63 8.78
4.80 5.36 0.58
4.00 7.18 2.70
7.50 10.00 5.05
8.47 8.22 4.58
0.34 1.20 2.96
4.35 5.30 7.30
2.98 4.42 10.00
9.60 0.78 6.19
10.00 3.63 10.00
10.00 2.81 4.04
2.47 7.25 4.27
7.90 2.01 7.47
4.51 0.96 9.02
3.78 0.33 0.32
6.57 1.34 10.00
3.38 1.53 2.36
8.94 10.00 5.03
1.11 8.55 2.93
6.63 0.65 0.11
7.36 2.99 5.35
8.36 6.23 3.46
4.36 8.36 4.85
9.88 0.43 8.11
10.00 3.26 8.15
0.46 7.55 0.17
3.77 3.89 8.25
9.17 8.25 2.52
5.50 0.51 3.87
6.61 10.00 8.87
7.12 3.57 1.62
5.47 3.28 8.53
1.75 5.69 7.67
0.47 9.35 6.32
5.79 1.47 8.28
1.65 3.42 9.71
4.73 10.00 6.54
8.73 7.95 7.74
3.34 4.37 9.95
5.48 8.09 3.29
0.07 4.81 0.10
1.22 10.00 0.93
3.35 0.59 1.60
1.67 10.00 1.79
9.80 10.00 2.28
7.78 5.89 3.66
3.75 4.15 4.88
7.13 9.68 7.46
5.41 3.58 0.60
8.40 9.55 3.68
10.00 0.46 4.17
4.60 10.00 8.77
8.51 5.24 2.98
0.65 10.00 5.58
0.35 1.66 4.60
8.65 9.34 7.03
10.00 9.73 1.54
4.45 2.90 9.49
2.65 7.12 8.96
3.41 7.24 2.21
4.20 2.52 5.22
0.55 8.47 6.80
1.76 6.86 10.00
4.35 10.00 2.35
8.27 9.87 10.00
3.63 10.00 8.50
6.48 5.05 9.60
10.00 4.59 6.05
0.17 4.51 0.10
10.00 10.00 9.74
5.82 10.00 5.02
0.23 1.10 4.87
9.32 3.80 10.00
3.05 10.00 7.62
8.11 1.69 0.56
9.70 3.82 3.93
6.50 10.00 6.25
10.00 4.51 2.62
8.14 5.28 5.47
3.13 9.49 9.08
10.00 9.16 6.95
6.61 8.25 8.40
10.00 3.66 7.01
10.00 9.63 5.90
1.80 5.05 3.22
9.14 5.27 10.00
1.96 6.22 4.24
3.53 3.01 4.74
1.33 10.00 0.58
6.40 8.49 2.58
5.85 7.26 5.83
10.00 5.11 10.00
9.33 3.23 7.35
5.99 9.27 0.47
9.06 5.98 1.05
7.19 1.05 7.00
5.60 6.89 4.46
2.95 9.72 4.78
0.23 2.20 8.47
6.10 9.24 8.51
8.59 10.00 9.64
6.97 9.40 10.00
1.89 2.79 8.11
5.07 1.10 9.66
0.37 1.50 10.00
10.00 3.07 8.09
9.93 9.83 0.56
0.17 10.00 10.00
0.72 0.43 9.55
9.73 7.36 1.48
10.00 2.51 9.28
4.81 6.39 2.95
9.34 0.53 2.37
10.00 1.96 10.00
2.91 6.00 7.28
0.81 4.66 9.30
5.29 5.99 10.00
0.38 10.00 0.35
2.75 8.17 10.00
5.59 1.54 6.03
6.04 2.38 8.30
3.39 0.40 6.14
0.07 3.58 0.38
7.33 5.40 3.55
3.09 0.17 7.70
0.25 3.69 1.00
4.74 0.85 9.00
9.65 7.28 4.05
5.89 1.04 4.12
4.86 6.26 8.89
9.25 3.27 8.82
10.00 2.56 8.83
2.18 3.88 10.00
5.15 3.80 2.21
5.86 6.96 8.06
2.28 2.22 0.15
9.52 7.28 9.06
4.33 2.17 6.69
1.82 0.78 7.41
8.99 4.32 8.03
3.69 5.39 6.89
8.93 1.03 9.43
4.20 0.90 5.48
3.85 2.44 9.96
3.15 7.16 6.42
8.91 8.55 3.07
4.36 5.90 2.73
3.53 0.66 9.84
6.55 7.96 2.85
5.88 10.00 10.00
1.01 2.75 1.46
8.26 1.80 0.05
4.05 6.08 5.25
7.54 9.41 4.82
9.12 9.31 9.73
2.04 0.06 4.18
0.14 3.10 9.58
4.17 3.47 6.26
3.52 0.85 1.41
2.84 8.39 0.05
4.38 1.38 1.92
3.02 3.04 9.53
7.80 2.30 10.00
7.56 0.52 7.88
6.81 0.82 4.99
10.00 8.64 9.52
5.37 1.63 9.55
2.55 4.82 8.83
6.15 0.20 6.36
7.07 8.89 1.17
7.19 9.18 10.00
7.22 2.95 10.00
9.86 4.76 8.39
7.82 10.00 0.49
9.42 5.42 5.28
10.00 8.47 7.70
2.12 6.53 0.14
2.66 3.03 5.62
8.98 0.41 7.76
2.30 7.57 10.00
7.59 6.04 0.78
1.24 2.14 10.00
2.84 1.49 10.00
5.04 5.77 0.05
9.77 2.07 3.68
3.02 4.65 5.49
3.68 9.71 10.00
0.85 7.29 2.40
2.72 1.35 2.36
3.85 7.52 8.74
4.43 4.00 6.32
0.14 3.34 2.25
2.21 0.89 1.85
4.81 8.40 7.89
1.43 6.44 0.01
10.00 5.44 2.45
9.22 7.72 4.45
3.54 0.38 6.66
4.54 10.00 8.63
2.42 1.15 10.00
5.59 10.00 6.82
2.27 10.00 9.37
0.33 7.71 5.78
9.04 2.46 9.10
10.00 8.32 0.08
3.72 7.11 5.35
1.38 2.69 8.41
0.54 10.00 6.15
0.56 8.83 1.15
2.34 5.81 5.09
9.15 9.21 7.46
1.77 10.00 2.46
1.35 2.02 10.00
0.79 8.29 2.55
10.00 1.70 10.00
0.47 10.00 5.56
6.55 0.98 10.00
9.25 1.78 6.69
8.30 5.91 1.32
1.80 5.57 3.26
2.57 0.89 1.49
5.60 3.84 1.76
5.92 10.00 6.71
5.26 3.26 3.03
7.19 10.00 5.32
9.18 1.90 1.32
0.32 9.12 2.11
9.48 6.29 1.92
8.15 9.12 10.00
3.99 8.69 2.07
3.50 3.22 10.00
3.49 9.66 8.30
2.26 4.78 2.84
4.18 3.94 0.70
5.61 0.57 8.63
1.03 1.29 6.37
10.00 7.38 6.51
1.19 9.98 5.60
1.97 1.94 4.66
2.48 5.42 1.33
8.52 3.41 9.41
1.08 1.23 9.21
5.19 7.55 7.56
0.93 0.87 8.31
1.16 3.29 0.21
6.96 2.26 3.45
1.80 6.52 1.52
6.29 10.00 2.84
4.74 6.33 0.91
8.63 7.89 6.78
4.67 5.95 1.71
0.90 2.64 6.44
2.48 7.48 6.39
1.12 8.89 10.00
8.32 5.11 8.07
7.08 4.77 10.00
1.22 0.90 6.16
3.60 2.26 9.81
8.83 2.11 2.37
3.93 6.85 5.97
0.71 0.26 6.85
4.35 10.00 3.25
6.72 7.36 4.57
2.17 9.31 1.47
5.79 9.72 4.37
8.15 10.00 10.00
7.82 6.11 7.75
0.69 5.47 1.83
10.00 5.41 10.00
4.77 3.37 10.00
8.16 6.17 4.65
9.01 5.63 7.55
10.00 8.20 9.58
4.78 10.00 3.14
9.13 1.23 0.84
9.49 5.35 2.89
5.51 6.57 4.31
8.80 6.24 7.59
4.77 2.85 1.36
6.26 1.06 3.13
0.90 0.03 6.80
3.30 3.02 0.36
6.60 7.72 1.35
1.92 3.84 10.00
2.21 6.24 6.35
2.88 10.00 1.02
3.45 5.25 5.66
0.14 4.61 10.00
9.86 0.57 5.56
0.54 0.19 3.14
10.00 7.50 10.00
2.76 0.92 3.84
10.00 5.11 6.61
2.98 10.00 10.00
6.13 10.00 3.82
0.02 4.58 3.63
5.68 2.75 1.06
8.32 9.60 4.77
3.80 2.07 3.72
3.11 4.47 10.00
8.30 10.00 0.18
8.06 1.36 4.47
6.67 3.14 2.04
10.00 6.33 0.51
9.28 10.00 7.14
1.75 4.48 7.44
8.37 1.13 7.44
6.70 3.61 1.49
3.40 7.02 7.38
1.63 10.00 6.24
5.69 3.02 6.45
0.75 10.00 5.89
5.40 3.61 10.00
4.22 9.30 2.91
3.04 6.77 2.17
4.81 10.00 7.50
2.51 2.84 9.60
0.06 1.43 1.35
2.08 5.31 7.47
2.02 7.85 2.64
4.26 2.97 9.87
5.11 5.84 0.00
6.31 3.45 4.57
8.84 1.98 6.77
3.49 0.84 8.41
7.50 8.87 8.92
2.50 3.17 5.51
9.30 2.29 4.14
3.09 10.00 2.59
3.34 2.14 7.93
6.59 3.55 2.33
3.70 10.00 3.74
7.92 1.00 5.64
4.50 5.67 6.28
6.18 6.58 6.60
7.72 9.35 5.69
3.99 5.36 0.81
7.90 2.39 10.00
6.56 1.50 2.90
9.63 10.00 1.09
10.00 7.69 6.31
0.87 1.04 7.49
7.89 2.13 1.03
5.42 4.39 4.16
2.33 7.51 10.00
7.32 8.97 5.26
2.23 7.37 1.65
1.21 3.79 3.11
7.89 0.73 1.41
6.02 9.08 1.34
10.00 8.18 5.83
0.44 1.84 9.71
2.23 8.30 9.41
7.31 9.54 2.48
4.26 5.43 8.32
9.43 3.90 9.06
6.74 10.00 7.59
7.30 10.00 2.92
0.03 1.15 1.60
8.72 7.63 0.85
7.08 6.15 0.58
8.16 5.31 5.67
7.01 9.21 8.58
5.68 8.02 3.01
2.05 8.76 10.00
8.61 7.84 1.94
3.41 8.55 3.83
3.77 2.99 4.47
10.00 2.65 8.29
7.24 6.82 8.08
3.02 1.19 3.17
0.75 6.43 10.00
4.01 7.14 6.36
6.83 6.86 0.52
2.80 4.52 4.54
7.23 2.36 7.84
7.76 0.45 4.29
7.49 8.34 0.13
8.80 10.00 2.67
10.00 9.94 8.82
0.47 10.00 7.22
1.69 1.38 3.10
9.84 3.58 6.96
3.43 9.06 3.91
2.28 5.54 3.05
10.00 4.51 9.14
0.07 2.53 4.58
1.50 8.28 6.46
5.93 2.33 0.45
3.48 7.79 6.05
9.63 6.46 4.76
3.51 7.80 0.76
5.00 4.26 7.24
10.00 2.17 1.51
10.00 6.02 2.60
0.80 8.54 7.09
10.00 0.85 2.66
1.98 0.01 0.74
2.15 6.03 9.24
10.00 8.27 9.16
0.69 3.14 6.41
6.49 2.74 0.88
7.78 6.37 0.14
0.78 8.94 4.49
4.61 6.41 4.69
3.70 2.85 1.43
5.06 7.29 10.00
7.69 4.36 5.13
8.48 3.71 5.85
8.43 2.69 7.65
9.86 5.29 0.60